    -95   -42    86   -88   -21    23    71    73    63   -46    83    36    46   -60     0     0     0     0     0     0


   -17   -47   -83    37    43   -97    78    83   -33   -17    94    92    -1   -68     0     0     0     0     0     0
   -13    84    13    60    64   -14   -38    56    63    52   -77   -71    -8    -8     0     0     0     0     0     0
    13    66    32    26   -45    55    -6    87   -49    10   -11     5   -18   -91     0     0     0     0     0     0
     3   -68   -74    -1    97   -48   -74    26    60   -78   100   -71    84    47     0     0     0     0     0     0
   100    57    74    73    65    87    57    65    80    88    94    67    96    78     1     0     0     0     0     0
     0   -83    78    88   -87    63   -29    24   -26   -45   -14    98    80    88     0     1     0     0     0     0
   -51     0    85    28    79   -10   -35   -65    33   -46    51   -61    21     0     0     0    -1     0     0     0
   -70    32    92    57   -58   -59    49   -51    18   -46    96     0   -43    46     0     0     0     1     0     0
    39   -28    58     1    51    86    94     9    74   -34     5    19   -16    78     0     0     0     0     1     0
   -36    80   -82   -61     1   -11    91   100   -71   -10    39    93    12   -77     0     0     0     0     0     1


          64         163          74           3        1082         236          28          64         437          69